{
 "cells": [
  {
   "cell_type": "markdown",
   "metadata": {},
   "source": [
    "Assumptions:\n",
    "    1. The column names won't have any whitespace or period in it. If the CSV file columns have it, then it will be replaced with underscore."
   ]
  },
  {
   "cell_type": "code",
   "execution_count": 79,
   "metadata": {},
   "outputs": [],
   "source": [
    "import MySQLdb as mdb\n",
    "import csv\n",
    "import pandas as pd"
   ]
  },
  {
   "cell_type": "code",
   "execution_count": 80,
   "metadata": {},
   "outputs": [],
   "source": [
    "DBNAME = \"dbtest\"\n",
    "DBHOST = \"localhost\"\n",
    "DBPASS = \"\"\n",
    "DBUSER = \"root\""
   ]
  },
  {
   "cell_type": "code",
   "execution_count": 81,
   "metadata": {},
   "outputs": [],
   "source": [
    "csvFilePath = r\"C:\\Users\\Yash\\Desktop\\Courses\\CS411\\Project Track 1\\Src\\Convert_CSV\\Data\""
   ]
  },
  {
   "cell_type": "code",
   "execution_count": 82,
   "metadata": {},
   "outputs": [],
   "source": [
    "def connectToDatabase():\n",
    "    try:\n",
    "        db = mdb.connect(DBHOST, DBUSER, DBPASS, DBNAME, charset='utf8', port=3308)\n",
    "        print(\"Database Connected Successfully\")\n",
    "        return db\n",
    "    except mdb.Error as e:\n",
    "        print(e)\n",
    "        print(\"Database Not Connected Successfully\")\n",
    "        return None\n",
    "    \n",
    "def closeDatabase(db):\n",
    "    try:\n",
    "        db.close()\n",
    "        print(\"Database Closed Successfully\")\n",
    "    except mdb.Error as e:\n",
    "        print(e)\n",
    "        print(\"Database Not Closed Successfully\")"
   ]
  },
  {
   "cell_type": "code",
   "execution_count": 83,
   "metadata": {},
   "outputs": [],
   "source": [
    "def executeSingleQuery(sqlquery):\n",
    "    \n",
    "    db = connectToDatabase()\n",
    "    \n",
    "    try:\n",
    "        cur = db.cursor()\n",
    "\n",
    "        # execute query\n",
    "        cur.execute(sqlquery)\n",
    "        print(\"Query Successfully Executed\")\n",
    "        \n",
    "        db.commit()\n",
    "\n",
    "    except mdb.Error as e:\n",
    "        print(e)\n",
    "        print(\"Query Not Successfully Executed\" + sqlquery)\n",
    "        \n",
    "    closeDatabase(db)"
   ]
  },
  {
   "cell_type": "code",
   "execution_count": 84,
   "metadata": {},
   "outputs": [],
   "source": [
    "def getListOfInsertQueries(csvName, tableName):\n",
    "    \n",
    "    # Load CSV and get column names\n",
    "    csvData = pd.read_csv(csvFilePath+\"\\\\\"+csvName)\n",
    "    listOfcsvDataColumns = list(csvData.columns)\n",
    "    \n",
    "    # INSERT INTO Employee (Name, Email, Age) VALUES ('John', 'john@gmail.com', '25')\n",
    "    \n",
    "    columnNamesInQueryFormat = \"(\"\n",
    "    for i in listOfcsvDataColumns:\n",
    "        columnNamesInQueryFormat = columnNamesInQueryFormat + i.replace(\" \", \"_\").replace(\".\", \"_\") +\",\" #Replaces whitespace and period with underscore for column names\n",
    "    columnNamesInQueryFormat = columnNamesInQueryFormat[:-1] + \")\";\n",
    "\n",
    "    partialInsertQuery = \"INSERT INTO \" + tableName + \" \" + columnNamesInQueryFormat + \" VALUES\"\n",
    "    print(partialInsertQuery)\n",
    "    \n",
    "    listOfInsertQueries = []\n",
    "    \n",
    "    for i in range(0,csvData.shape[0]):\n",
    "        betterHalfOfInsertQuery = \"(\"\n",
    "        for j in range(0,csvData.shape[1]):\n",
    "#             print(betterHalfOfInsertQuery)\n",
    "            data = str(csvData.at[i, listOfcsvDataColumns[j]])\n",
    "            betterHalfOfInsertQuery = betterHalfOfInsertQuery + \"'\" + data + \"',\"\n",
    "        betterHalfOfInsertQuery = betterHalfOfInsertQuery[:-1] + \")\"\n",
    "        listOfInsertQueries.append(partialInsertQuery + betterHalfOfInsertQuery)\n",
    "    \n",
    "    return listOfInsertQueries"
   ]
  },
  {
   "cell_type": "markdown",
   "metadata": {},
   "source": [
    "## Insert into BlockLocation Table"
   ]
  },
  {
   "cell_type": "code",
   "execution_count": 85,
   "metadata": {},
   "outputs": [
    {
     "name": "stdout",
     "output_type": "stream",
     "text": [
      "INSERT INTO BlockLocation (blockID,topLeft_lat,topLeft_lon,topRight_lat,topRight_lon,bottomLeft_lat,bottomLeft_lon,bottomRight_lat,bottomRight_lon) VALUES\n"
     ]
    },
    {
     "data": {
      "text/plain": [
       "[\"INSERT INTO BlockLocation (blockID,topLeft_lat,topLeft_lon,topRight_lat,topRight_lon,bottomLeft_lat,bottomLeft_lon,bottomRight_lat,bottomRight_lon) VALUES('1','40.116411','-88.228957','40.116411','-88.225699','40.112745000000004','-88.228957','40.112745000000004','-88.225699')\",\n",
       " \"INSERT INTO BlockLocation (blockID,topLeft_lat,topLeft_lon,topRight_lat,topRight_lon,bottomLeft_lat,bottomLeft_lon,bottomRight_lat,bottomRight_lon) VALUES('2','40.116411','-88.225699','40.116411','-88.22405400000001','40.11544','-88.225699','40.11544','-88.22405400000001')\",\n",
       " \"INSERT INTO BlockLocation (blockID,topLeft_lat,topLeft_lon,topRight_lat,topRight_lon,bottomLeft_lat,bottomLeft_lon,bottomRight_lat,bottomRight_lon) VALUES('3','40.116411','-88.22405400000001','40.116411','-88.22238','40.11544','-88.22405400000001','40.11544','-88.22238')\",\n",
       " \"INSERT INTO BlockLocation (blockID,topLeft_lat,topLeft_lon,topRight_lat,topRight_lon,bottomLeft_lat,bottomLeft_lon,bottomRight_lat,bottomRight_lon) VALUES('4','40.11544','-88.225699','40.11544','-88.22405400000001','40.113538','-88.225699','40.113538','-88.22405400000001')\",\n",
       " \"INSERT INTO BlockLocation (blockID,topLeft_lat,topLeft_lon,topRight_lat,topRight_lon,bottomLeft_lat,bottomLeft_lon,bottomRight_lat,bottomRight_lon) VALUES('5','40.11544','-88.22405400000001','40.11544','-88.22238','44.1145','-88.22405400000001','40.1145','-88.22238')\",\n",
       " \"INSERT INTO BlockLocation (blockID,topLeft_lat,topLeft_lon,topRight_lat,topRight_lon,bottomLeft_lat,bottomLeft_lon,bottomRight_lat,bottomRight_lon) VALUES('6','44.1145','-88.22405400000001','40.1145','-88.22238','40.113538','-88.22405400000001','40.113538','-88.22238')\",\n",
       " \"INSERT INTO BlockLocation (blockID,topLeft_lat,topLeft_lon,topRight_lat,topRight_lon,bottomLeft_lat,bottomLeft_lon,bottomRight_lat,bottomRight_lon) VALUES('7','40.113538','-88.225699','40.113538','-88.22405400000001','40.112745000000004','-88.225699','40.112745000000004','-88.22405400000001')\",\n",
       " \"INSERT INTO BlockLocation (blockID,topLeft_lat,topLeft_lon,topRight_lat,topRight_lon,bottomLeft_lat,bottomLeft_lon,bottomRight_lat,bottomRight_lon) VALUES('8','40.113538','-88.22405400000001','40.113538','-88.22238','40.112745000000004','-88.22405400000001','40.112745000000004','-88.22238')\",\n",
       " \"INSERT INTO BlockLocation (blockID,topLeft_lat,topLeft_lon,topRight_lat,topRight_lon,bottomLeft_lat,bottomLeft_lon,bottomRight_lat,bottomRight_lon) VALUES('9','40.112745000000004','-88.23044300000001','40.112745000000004','-88.228957','40.111514','-88.23044300000001','40.111514','-88.228957')\",\n",
       " \"INSERT INTO BlockLocation (blockID,topLeft_lat,topLeft_lon,topRight_lat,topRight_lon,bottomLeft_lat,bottomLeft_lon,bottomRight_lat,bottomRight_lon) VALUES('10','40.111514','-88.23044300000001','40.111514','-88.228957','40.110321','-88.23044300000001','40.110321','-88.228957')\",\n",
       " \"INSERT INTO BlockLocation (blockID,topLeft_lat,topLeft_lon,topRight_lat,topRight_lon,bottomLeft_lat,bottomLeft_lon,bottomRight_lat,bottomRight_lon) VALUES('11','40.112745000000004','-88.228957','40.112745000000004','-88.225699','40.110321','-88.228957','40.110321','-88.225699')\",\n",
       " \"INSERT INTO BlockLocation (blockID,topLeft_lat,topLeft_lon,topRight_lat,topRight_lon,bottomLeft_lat,bottomLeft_lon,bottomRight_lat,bottomRight_lon) VALUES('12','40.112745000000004','-88.225699','40.112745000000004','-88.22405400000001','40.110321','-88.225699','40.110321','-88.22405400000001')\",\n",
       " \"INSERT INTO BlockLocation (blockID,topLeft_lat,topLeft_lon,topRight_lat,topRight_lon,bottomLeft_lat,bottomLeft_lon,bottomRight_lat,bottomRight_lon) VALUES('13','40.112745000000004','-88.22405400000001','40.112745000000004','-88.220667','40.110321','-88.22405400000001','40.110321','-88.220667')\",\n",
       " \"INSERT INTO BlockLocation (blockID,topLeft_lat,topLeft_lon,topRight_lat,topRight_lon,bottomLeft_lat,bottomLeft_lon,bottomRight_lat,bottomRight_lon) VALUES('14','40.110321','-88.23044300000001','40.110321','-88.228957','40.109062','-88.23044300000001','40.109062','-88.228957')\",\n",
       " \"INSERT INTO BlockLocation (blockID,topLeft_lat,topLeft_lon,topRight_lat,topRight_lon,bottomLeft_lat,bottomLeft_lon,bottomRight_lat,bottomRight_lon) VALUES('15','40.110321','-88.225699','40.110321','-88.22405400000001','40.106983','-88.225699','40.106983','-88.22405400000001')\",\n",
       " \"INSERT INTO BlockLocation (blockID,topLeft_lat,topLeft_lon,topRight_lat,topRight_lon,bottomLeft_lat,bottomLeft_lon,bottomRight_lat,bottomRight_lon) VALUES('16','40.110321','-88.22405400000001','40.110321','-88.219316','40.109044','-88.22405400000001','40.109044','-88.219316')\",\n",
       " \"INSERT INTO BlockLocation (blockID,topLeft_lat,topLeft_lon,topRight_lat,topRight_lon,bottomLeft_lat,bottomLeft_lon,bottomRight_lat,bottomRight_lon) VALUES('17','40.109062','-88.23201','40.109062','-88.23044300000001','40.107964','-88.23201','40.107964','-88.23044300000001')\",\n",
       " \"INSERT INTO BlockLocation (blockID,topLeft_lat,topLeft_lon,topRight_lat,topRight_lon,bottomLeft_lat,bottomLeft_lon,bottomRight_lat,bottomRight_lon) VALUES('18','40.109062','-88.23044300000001','40.109062','-88.228957','40.107964','-88.23044300000001','40.107964','-88.228957')\",\n",
       " \"INSERT INTO BlockLocation (blockID,topLeft_lat,topLeft_lon,topRight_lat,topRight_lon,bottomLeft_lat,bottomLeft_lon,bottomRight_lat,bottomRight_lon) VALUES('19','40.109044','-88.22405400000001','40.109044','-88.221577','40.106983','-88.22405400000001','40.106983','-88.221577')\",\n",
       " \"INSERT INTO BlockLocation (blockID,topLeft_lat,topLeft_lon,topRight_lat,topRight_lon,bottomLeft_lat,bottomLeft_lon,bottomRight_lat,bottomRight_lon) VALUES('20','40.109044','-88.221577','40.109044','-88.219316','40.106983','-88.221577','40.109044','-88.219316')\",\n",
       " \"INSERT INTO BlockLocation (blockID,topLeft_lat,topLeft_lon,topRight_lat,topRight_lon,bottomLeft_lat,bottomLeft_lon,bottomRight_lat,bottomRight_lon) VALUES('21','40.107964','-88.233536','40.107964','-88.23201','40.106823','-88.233536','40.106823','-88.23201')\",\n",
       " \"INSERT INTO BlockLocation (blockID,topLeft_lat,topLeft_lon,topRight_lat,topRight_lon,bottomLeft_lat,bottomLeft_lon,bottomRight_lat,bottomRight_lon) VALUES('22','40.107964','-88.23201','40.107964','-88.23044300000001','40.106823','-88.23201','40.106823','-88.23044300000001')\",\n",
       " \"INSERT INTO BlockLocation (blockID,topLeft_lat,topLeft_lon,topRight_lat,topRight_lon,bottomLeft_lat,bottomLeft_lon,bottomRight_lat,bottomRight_lon) VALUES('23','40.107964','-88.23044300000001','40.107964','-88.228957','40.106823','-88.23044300000001','40.106823','-88.228957')\",\n",
       " \"INSERT INTO BlockLocation (blockID,topLeft_lat,topLeft_lon,topRight_lat,topRight_lon,bottomLeft_lat,bottomLeft_lon,bottomRight_lat,bottomRight_lon) VALUES('24','40.106983','-88.225699','40.106983','-88.22405400000001','40.105954','-88.225699','40.105954','-88.22405400000001')\",\n",
       " \"INSERT INTO BlockLocation (blockID,topLeft_lat,topLeft_lon,topRight_lat,topRight_lon,bottomLeft_lat,bottomLeft_lon,bottomRight_lat,bottomRight_lon) VALUES('25','40.106983','-88.22405400000001','40.106983','-88.221577','40.105954','-88.22405400000001','40.105954','-88.221577')\",\n",
       " \"INSERT INTO BlockLocation (blockID,topLeft_lat,topLeft_lon,topRight_lat,topRight_lon,bottomLeft_lat,bottomLeft_lon,bottomRight_lat,bottomRight_lon) VALUES('26','40.106983','-88.221577','40.106983','-88.219316','40.105954','-88.221577','40.105954','-88.219316')\",\n",
       " \"INSERT INTO BlockLocation (blockID,topLeft_lat,topLeft_lon,topRight_lat,topRight_lon,bottomLeft_lat,bottomLeft_lon,bottomRight_lat,bottomRight_lon) VALUES('27','40.106823','-88.233536','40.106823','-88.23201','40.105416','-88.233536','40.105416','-88.23201')\",\n",
       " \"INSERT INTO BlockLocation (blockID,topLeft_lat,topLeft_lon,topRight_lat,topRight_lon,bottomLeft_lat,bottomLeft_lon,bottomRight_lat,bottomRight_lon) VALUES('28','40.106823','-88.23201','40.106823','-88.23044300000001','40.105416','-88.23201','40.105416','-88.23044300000001')\",\n",
       " \"INSERT INTO BlockLocation (blockID,topLeft_lat,topLeft_lon,topRight_lat,topRight_lon,bottomLeft_lat,bottomLeft_lon,bottomRight_lat,bottomRight_lon) VALUES('29','40.106823','-88.23044300000001','40.106823','-88.228957','40.105416','-88.23044300000001','40.105416','-88.228957')\",\n",
       " \"INSERT INTO BlockLocation (blockID,topLeft_lat,topLeft_lon,topRight_lat,topRight_lon,bottomLeft_lat,bottomLeft_lon,bottomRight_lat,bottomRight_lon) VALUES('30','40.105416','-88.241528','40.105416','-88.238628','40.104135','-88.241528','40.104135','-88.238628')\",\n",
       " \"INSERT INTO BlockLocation (blockID,topLeft_lat,topLeft_lon,topRight_lat,topRight_lon,bottomLeft_lat,bottomLeft_lon,bottomRight_lat,bottomRight_lon) VALUES('31','40.105416','-88.233536','40.105416','-88.23044300000001','40.104135','-88.233536','40.104135','-88.23044300000001')\",\n",
       " \"INSERT INTO BlockLocation (blockID,topLeft_lat,topLeft_lon,topRight_lat,topRight_lon,bottomLeft_lat,bottomLeft_lon,bottomRight_lat,bottomRight_lon) VALUES('32','40.105954','-88.221577','40.105954','-88.219316','40.100547','-88.22188299999999','40.100547','-88.219316')\",\n",
       " \"INSERT INTO BlockLocation (blockID,topLeft_lat,topLeft_lon,topRight_lat,topRight_lon,bottomLeft_lat,bottomLeft_lon,bottomRight_lat,bottomRight_lon) VALUES('33','40.104135','-88.241528','40.104135','-88.238628','40.102707','-88.241528','40.102707','-88.238628')\",\n",
       " \"INSERT INTO BlockLocation (blockID,topLeft_lat,topLeft_lon,topRight_lat,topRight_lon,bottomLeft_lat,bottomLeft_lon,bottomRight_lat,bottomRight_lon) VALUES('34','40.104135','-88.238628','40.104135','-88.233536','40.101499','-88.238628','40.101499','-88.233536')\",\n",
       " \"INSERT INTO BlockLocation (blockID,topLeft_lat,topLeft_lon,topRight_lat,topRight_lon,bottomLeft_lat,bottomLeft_lon,bottomRight_lat,bottomRight_lon) VALUES('35','40.104135','-88.233536','40.104135','-88.23044300000001','40.101499','-88.233536','40.101499','-88.23044300000001')\",\n",
       " \"INSERT INTO BlockLocation (blockID,topLeft_lat,topLeft_lon,topRight_lat,topRight_lon,bottomLeft_lat,bottomLeft_lon,bottomRight_lat,bottomRight_lon) VALUES('36','40.104135','-88.23044300000001','40.104135','-88.22188299999999','40.100547','-88.23044300000001','40.100547','-88.22188299999999')\",\n",
       " \"INSERT INTO BlockLocation (blockID,topLeft_lat,topLeft_lon,topRight_lat,topRight_lon,bottomLeft_lat,bottomLeft_lon,bottomRight_lat,bottomRight_lon) VALUES('37','40.102707','-88.241528','40.102707','-88.238628','40.098062','-88.241528','40.098062','-88.238628')\",\n",
       " \"INSERT INTO BlockLocation (blockID,topLeft_lat,topLeft_lon,topRight_lat,topRight_lon,bottomLeft_lat,bottomLeft_lon,bottomRight_lat,bottomRight_lon) VALUES('38','40.101499','-88.233536','40.101499','-88.23044300000001','40.100547','-88.233536','40.100547','-88.23044300000001')\",\n",
       " \"INSERT INTO BlockLocation (blockID,topLeft_lat,topLeft_lon,topRight_lat,topRight_lon,bottomLeft_lat,bottomLeft_lon,bottomRight_lat,bottomRight_lon) VALUES('39','40.101499','-88.238628','40.101499','-88.233536','40.098062','-88.238628','40.098062','-88.233536')\",\n",
       " \"INSERT INTO BlockLocation (blockID,topLeft_lat,topLeft_lon,topRight_lat,topRight_lon,bottomLeft_lat,bottomLeft_lon,bottomRight_lat,bottomRight_lon) VALUES('40','40.100547','-88.233536','40.100547','-88.222852','40.098062','-88.233536','40.098062','-88.222852')\",\n",
       " \"INSERT INTO BlockLocation (blockID,topLeft_lat,topLeft_lon,topRight_lat,topRight_lon,bottomLeft_lat,bottomLeft_lon,bottomRight_lat,bottomRight_lon) VALUES('41','40.100547','-88.222852','40.100547','-88.219316','40.098062','-88.222852','40.098062','-88.219316')\",\n",
       " \"INSERT INTO BlockLocation (blockID,topLeft_lat,topLeft_lon,topRight_lat,topRight_lon,bottomLeft_lat,bottomLeft_lon,bottomRight_lat,bottomRight_lon) VALUES('42','40.098062','-88.241528','40.098062','-88.238628','40.094497','-88.241528','40.094497','-88.238628')\",\n",
       " \"INSERT INTO BlockLocation (blockID,topLeft_lat,topLeft_lon,topRight_lat,topRight_lon,bottomLeft_lat,bottomLeft_lon,bottomRight_lat,bottomRight_lon) VALUES('43','40.098062','-88.238628','40.098062','-88.233536','40.094497','-88.238628','40.094497','-88.233536')\",\n",
       " \"INSERT INTO BlockLocation (blockID,topLeft_lat,topLeft_lon,topRight_lat,topRight_lon,bottomLeft_lat,bottomLeft_lon,bottomRight_lat,bottomRight_lon) VALUES('44','40.098062','-88.233536','40.098062','-88.22374599999999','40.094497','-88.233536','40.094497','-88.22374599999999')\",\n",
       " \"INSERT INTO BlockLocation (blockID,topLeft_lat,topLeft_lon,topRight_lat,topRight_lon,bottomLeft_lat,bottomLeft_lon,bottomRight_lat,bottomRight_lon) VALUES('45','40.098062','-88.22374599999999','40.098062','-88.219316','40.094497','-88.22374599999999','40.094497','-88.219316')\",\n",
       " \"INSERT INTO BlockLocation (blockID,topLeft_lat,topLeft_lon,topRight_lat,topRight_lon,bottomLeft_lat,bottomLeft_lon,bottomRight_lat,bottomRight_lon) VALUES('46','40.098062','-88.219316','40.098062','-88.209672','40.094497','-88.219316','40.094497','-88.209672')\",\n",
       " \"INSERT INTO BlockLocation (blockID,topLeft_lat,topLeft_lon,topRight_lat,topRight_lon,bottomLeft_lat,bottomLeft_lon,bottomRight_lat,bottomRight_lon) VALUES('47','40.110321','-88.228957','40.110321','-88.225699','40.104135','-88.228957','40.104135','-88.225699')\",\n",
       " \"INSERT INTO BlockLocation (blockID,topLeft_lat,topLeft_lon,topRight_lat,topRight_lon,bottomLeft_lat,bottomLeft_lon,bottomRight_lat,bottomRight_lon) VALUES('48','40.105416','-88.23044300000001','40.105416','-88.228957','40.104135','-88.23044300000001','40.104135','-88.228957')\",\n",
       " \"INSERT INTO BlockLocation (blockID,topLeft_lat,topLeft_lon,topRight_lat,topRight_lon,bottomLeft_lat,bottomLeft_lon,bottomRight_lat,bottomRight_lon) VALUES('49','40.105954','-88.225699','40.105954','-88.22405400000001','40.104135','-88.225699','40.104135','-88.22405400000001')\",\n",
       " \"INSERT INTO BlockLocation (blockID,topLeft_lat,topLeft_lon,topRight_lat,topRight_lon,bottomLeft_lat,bottomLeft_lon,bottomRight_lat,bottomRight_lon) VALUES('50','40.105954','-88.22405400000001','40.105954','-88.221577','40.104135','-88.22405400000001','40.104135','-88.22188299999999')\"]"
      ]
     },
     "execution_count": 85,
     "metadata": {},
     "output_type": "execute_result"
    }
   ],
   "source": [
    "csvName = r\"BlockLocation.csv\"\n",
    "tableName = \"BlockLocation\"\n",
    "listOfInsertQueries = getListOfInsertQueries(csvName, tableName)\n",
    "listOfInsertQueries"
   ]
  },
  {
   "cell_type": "code",
   "execution_count": 86,
   "metadata": {},
   "outputs": [
    {
     "name": "stdout",
     "output_type": "stream",
     "text": [
      "Database Connected Successfully\n",
      "Query Successfully Executed\n",
      "Database Closed Successfully\n",
      "Database Connected Successfully\n",
      "Query Successfully Executed\n",
      "Database Closed Successfully\n",
      "Database Connected Successfully\n",
      "Query Successfully Executed\n",
      "Database Closed Successfully\n",
      "Database Connected Successfully\n",
      "Query Successfully Executed\n",
      "Database Closed Successfully\n",
      "Database Connected Successfully\n",
      "Query Successfully Executed\n",
      "Database Closed Successfully\n",
      "Database Connected Successfully\n",
      "Query Successfully Executed\n",
      "Database Closed Successfully\n",
      "Database Connected Successfully\n",
      "Query Successfully Executed\n",
      "Database Closed Successfully\n",
      "Database Connected Successfully\n",
      "Query Successfully Executed\n",
      "Database Closed Successfully\n",
      "Database Connected Successfully\n",
      "Query Successfully Executed\n",
      "Database Closed Successfully\n",
      "Database Connected Successfully\n",
      "Query Successfully Executed\n",
      "Database Closed Successfully\n",
      "Database Connected Successfully\n",
      "Query Successfully Executed\n",
      "Database Closed Successfully\n",
      "Database Connected Successfully\n",
      "Query Successfully Executed\n",
      "Database Closed Successfully\n",
      "Database Connected Successfully\n",
      "Query Successfully Executed\n",
      "Database Closed Successfully\n",
      "Database Connected Successfully\n",
      "Query Successfully Executed\n",
      "Database Closed Successfully\n",
      "Database Connected Successfully\n",
      "Query Successfully Executed\n",
      "Database Closed Successfully\n",
      "Database Connected Successfully\n",
      "Query Successfully Executed\n",
      "Database Closed Successfully\n",
      "Database Connected Successfully\n",
      "Query Successfully Executed\n",
      "Database Closed Successfully\n",
      "Database Connected Successfully\n",
      "Query Successfully Executed\n",
      "Database Closed Successfully\n",
      "Database Connected Successfully\n",
      "Query Successfully Executed\n",
      "Database Closed Successfully\n",
      "Database Connected Successfully\n",
      "Query Successfully Executed\n",
      "Database Closed Successfully\n",
      "Database Connected Successfully\n",
      "Query Successfully Executed\n",
      "Database Closed Successfully\n",
      "Database Connected Successfully\n",
      "Query Successfully Executed\n",
      "Database Closed Successfully\n",
      "Database Connected Successfully\n",
      "Query Successfully Executed\n",
      "Database Closed Successfully\n",
      "Database Connected Successfully\n",
      "Query Successfully Executed\n",
      "Database Closed Successfully\n",
      "Database Connected Successfully\n",
      "Query Successfully Executed\n",
      "Database Closed Successfully\n",
      "Database Connected Successfully\n",
      "Query Successfully Executed\n",
      "Database Closed Successfully\n",
      "Database Connected Successfully\n",
      "Query Successfully Executed\n",
      "Database Closed Successfully\n",
      "Database Connected Successfully\n",
      "Query Successfully Executed\n",
      "Database Closed Successfully\n",
      "Database Connected Successfully\n",
      "Query Successfully Executed\n",
      "Database Closed Successfully\n",
      "Database Connected Successfully\n",
      "Query Successfully Executed\n",
      "Database Closed Successfully\n",
      "Database Connected Successfully\n",
      "Query Successfully Executed\n",
      "Database Closed Successfully\n",
      "Database Connected Successfully\n",
      "Query Successfully Executed\n",
      "Database Closed Successfully\n",
      "Database Connected Successfully\n",
      "Query Successfully Executed\n",
      "Database Closed Successfully\n",
      "Database Connected Successfully\n",
      "Query Successfully Executed\n",
      "Database Closed Successfully\n",
      "Database Connected Successfully\n",
      "Query Successfully Executed\n",
      "Database Closed Successfully\n",
      "Database Connected Successfully\n",
      "Query Successfully Executed\n",
      "Database Closed Successfully\n",
      "Database Connected Successfully\n",
      "Query Successfully Executed\n",
      "Database Closed Successfully\n",
      "Database Connected Successfully\n",
      "Query Successfully Executed\n",
      "Database Closed Successfully\n",
      "Database Connected Successfully\n",
      "Query Successfully Executed\n",
      "Database Closed Successfully\n",
      "Database Connected Successfully\n",
      "Query Successfully Executed\n",
      "Database Closed Successfully\n",
      "Database Connected Successfully\n",
      "Query Successfully Executed\n",
      "Database Closed Successfully\n",
      "Database Connected Successfully\n",
      "Query Successfully Executed\n",
      "Database Closed Successfully\n",
      "Database Connected Successfully\n",
      "Query Successfully Executed\n",
      "Database Closed Successfully\n",
      "Database Connected Successfully\n",
      "Query Successfully Executed\n",
      "Database Closed Successfully\n",
      "Database Connected Successfully\n",
      "Query Successfully Executed\n",
      "Database Closed Successfully\n",
      "Database Connected Successfully\n",
      "Query Successfully Executed\n",
      "Database Closed Successfully\n",
      "Database Connected Successfully\n",
      "Query Successfully Executed\n",
      "Database Closed Successfully\n",
      "Database Connected Successfully\n",
      "Query Successfully Executed\n",
      "Database Closed Successfully\n",
      "Database Connected Successfully\n",
      "Query Successfully Executed\n",
      "Database Closed Successfully\n",
      "Database Connected Successfully\n",
      "Query Successfully Executed\n",
      "Database Closed Successfully\n"
     ]
    }
   ],
   "source": [
    "for sqlqueryForInsertIntoTable_BlockLocation in listOfInsertQueries:\n",
    "    executeSingleQuery(sqlqueryForInsertIntoTable_BlockLocation)"
   ]
  },
  {
   "cell_type": "code",
   "execution_count": 87,
   "metadata": {},
   "outputs": [],
   "source": [
    "# sqlqueryForInsertIntoTable_BlockLocation =   \"\"\"\n",
    "#                                     INSERT INTO Crime (incidentID, reportedAt, occuredAt, deposition) \n",
    "#                                     VALUES ('II1300026', '2013-1-1 1:39:00', '2013-1-1 1:39:00' ,'ARREST');\n",
    "#                                     \"\"\"\n",
    "# executeSingleQuery(sqlqueryForInsertIntoTable_BlockLocation)"
   ]
  },
  {
   "cell_type": "code",
   "execution_count": null,
   "metadata": {},
   "outputs": [],
   "source": []
  },
  {
   "cell_type": "markdown",
   "metadata": {},
   "source": [
    "## Insert into CrimeType Table"
   ]
  },
  {
   "cell_type": "code",
   "execution_count": 88,
   "metadata": {},
   "outputs": [
    {
     "name": "stdout",
     "output_type": "stream",
     "text": [
      "INSERT INTO CrimeType (crimeTypeID,type) VALUES\n"
     ]
    },
    {
     "data": {
      "text/plain": [
       "[\"INSERT INTO CrimeType (crimeTypeID,type) VALUES('300','ASSIST UPD W/DOMESTIC')\",\n",
       " \"INSERT INTO CrimeType (crimeTypeID,type) VALUES('301','SEARCH WARRANT SERVICE')\",\n",
       " \"INSERT INTO CrimeType (crimeTypeID,type) VALUES('302','ASSAULT')\",\n",
       " \"INSERT INTO CrimeType (crimeTypeID,type) VALUES('303','FRAUD - DECEPTION')\",\n",
       " \"INSERT INTO CrimeType (crimeTypeID,type) VALUES('304','MENTAL CASE-TRANSPORTATION')\",\n",
       " \"INSERT INTO CrimeType (crimeTypeID,type) VALUES('305','DOMESTIC DISPUTE - VERBAL ONLY')\",\n",
       " \"INSERT INTO CrimeType (crimeTypeID,type) VALUES('306','LIQUOR-ILLEGAL CONSUMPTION')\",\n",
       " \"INSERT INTO CrimeType (crimeTypeID,type) VALUES('307','BURGLARY MOTOR VEH PARTS & ACCESS')\",\n",
       " \"INSERT INTO CrimeType (crimeTypeID,type) VALUES('308','TRAFFIC STOP')\",\n",
       " \"INSERT INTO CrimeType (crimeTypeID,type) VALUES('309','HARASSMENT BY ELECTRONIC COMM')\",\n",
       " \"INSERT INTO CrimeType (crimeTypeID,type) VALUES('310','ALCOHOL')\",\n",
       " \"INSERT INTO CrimeType (crimeTypeID,type) VALUES('311','DOMESTICE VIOLENCE')\",\n",
       " \"INSERT INTO CrimeType (crimeTypeID,type) VALUES('312','DISORDERLY CONDUCT-ALL OTHER')\",\n",
       " \"INSERT INTO CrimeType (crimeTypeID,type) VALUES('313','CRUELTY TO ANIMALS')\",\n",
       " \"INSERT INTO CrimeType (crimeTypeID,type) VALUES('314','RETAIL THEFT')\",\n",
       " \"INSERT INTO CrimeType (crimeTypeID,type) VALUES('315','RESIST/OBSTRUCT/DISARM OFFICER')\",\n",
       " \"INSERT INTO CrimeType (crimeTypeID,type) VALUES('316','OTHER EQUIPMENT VIOLATIONS')\",\n",
       " \"INSERT INTO CrimeType (crimeTypeID,type) VALUES('317','DRUGS - ILLEGAL TRANSPORTATION OF')\",\n",
       " \"INSERT INTO CrimeType (crimeTypeID,type) VALUES('318','TRESPASS TO HOME')\",\n",
       " \"INSERT INTO CrimeType (crimeTypeID,type) VALUES('319','DECPTIVE PRACTICE')\",\n",
       " \"INSERT INTO CrimeType (crimeTypeID,type) VALUES('320','THEFT-LOST/MISLAID PROPERTY')\",\n",
       " \"INSERT INTO CrimeType (crimeTypeID,type) VALUES('321','UNLAWFUL TRESPASS')\",\n",
       " \"INSERT INTO CrimeType (crimeTypeID,type) VALUES('322','SALE OF TOBACCO')\",\n",
       " \"INSERT INTO CrimeType (crimeTypeID,type) VALUES('323','EXPIRED REGISTRATION')\",\n",
       " \"INSERT INTO CrimeType (crimeTypeID,type) VALUES('324','VISITATION INTERFERENCE')\",\n",
       " \"INSERT INTO CrimeType (crimeTypeID,type) VALUES('325','ASSIST UPD WITH K-9')\",\n",
       " \"INSERT INTO CrimeType (crimeTypeID,type) VALUES('326','ACCIDENT INVOLVING OTHER CITY PROP')\",\n",
       " \"INSERT INTO CrimeType (crimeTypeID,type) VALUES('327','ASSIST CPD W/ROBBERY')\",\n",
       " \"INSERT INTO CrimeType (crimeTypeID,type) VALUES('328','FALSE ID-POSS (MISC)')\",\n",
       " \"INSERT INTO CrimeType (crimeTypeID,type) VALUES('329','UNLAWFUL USE OF WEAPONS')\",\n",
       " \"INSERT INTO CrimeType (crimeTypeID,type) VALUES('330','BATTERY-DOMESTIC & LARCENY')\",\n",
       " \"INSERT INTO CrimeType (crimeTypeID,type) VALUES('331','THEFT OF LOST/MISLAID PROP')\",\n",
       " \"INSERT INTO CrimeType (crimeTypeID,type) VALUES('332','RESIST/OBSTRUCT')\",\n",
       " \"INSERT INTO CrimeType (crimeTypeID,type) VALUES('333','PUBLIC DRUNKENNEESS & TRESPASS')\",\n",
       " \"INSERT INTO CrimeType (crimeTypeID,type) VALUES('334','DATING VIOLENCE')\",\n",
       " \"INSERT INTO CrimeType (crimeTypeID,type) VALUES('335','ASSIST CCSO W/TRAFFIC STOP')\",\n",
       " \"INSERT INTO CrimeType (crimeTypeID,type) VALUES('336','ALCOHOL/LIQUOR LICENSE REQUIRED')\",\n",
       " \"INSERT INTO CrimeType (crimeTypeID,type) VALUES('337','TELEPHONE THREAT')\",\n",
       " \"INSERT INTO CrimeType (crimeTypeID,type) VALUES('338','NO DRIVERS LICENSE; OPERATING')\",\n",
       " \"INSERT INTO CrimeType (crimeTypeID,type) VALUES('339','CANNABIS-DELIVERY 30GM & UNDER')\",\n",
       " \"INSERT INTO CrimeType (crimeTypeID,type) VALUES('340','FONDLING')\",\n",
       " \"INSERT INTO CrimeType (crimeTypeID,type) VALUES('341','CRISIS INTERVEN. - OTHER')\",\n",
       " \"INSERT INTO CrimeType (crimeTypeID,type) VALUES('342','ACCIDENT HIT AND RUN')\",\n",
       " \"INSERT INTO CrimeType (crimeTypeID,type) VALUES('343','THEFT-LABOR OR SERVICES')\",\n",
       " \"INSERT INTO CrimeType (crimeTypeID,type) VALUES('344','HAZING - FRAT/SORORITY')\",\n",
       " \"INSERT INTO CrimeType (crimeTypeID,type) VALUES('345','TELEPHONE THREATS')\",\n",
       " \"INSERT INTO CrimeType (crimeTypeID,type) VALUES('346','BURGLARY FROM MOTOR VEHICLE')\",\n",
       " \"INSERT INTO CrimeType (crimeTypeID,type) VALUES('347','CREDIT CARD FRAUD')\",\n",
       " \"INSERT INTO CrimeType (crimeTypeID,type) VALUES('348','RIDING BIKE ON ROAD')\",\n",
       " \"INSERT INTO CrimeType (crimeTypeID,type) VALUES('349','TRESPASS TO RESIDENCE')\",\n",
       " \"INSERT INTO CrimeType (crimeTypeID,type) VALUES('350','COUNTED STALKING UNDER C16-0886')\",\n",
       " \"INSERT INTO CrimeType (crimeTypeID,type) VALUES('351','HIT AND RUN')\",\n",
       " \"INSERT INTO CrimeType (crimeTypeID,type) VALUES('352','LIQUOR-PURCH/POSS/CONSUMP BY')\",\n",
       " \"INSERT INTO CrimeType (crimeTypeID,type) VALUES('353','MIP ALCOHOL/LIQUOR')\",\n",
       " \"INSERT INTO CrimeType (crimeTypeID,type) VALUES('354','FURNISHING ALCOHOL TO MINOR')\",\n",
       " \"INSERT INTO CrimeType (crimeTypeID,type) VALUES('355','CONTROLLED SUBSTANCE-MANUF-INTENT')\",\n",
       " \"INSERT INTO CrimeType (crimeTypeID,type) VALUES('356','DOMESTIC BATTERY')\",\n",
       " \"INSERT INTO CrimeType (crimeTypeID,type) VALUES('357','ASSAULT-AGGRAVATED')\",\n",
       " \"INSERT INTO CrimeType (crimeTypeID,type) VALUES('358','ASSIST/STABBING')\",\n",
       " \"INSERT INTO CrimeType (crimeTypeID,type) VALUES('359','TRAFFIC')\",\n",
       " \"INSERT INTO CrimeType (crimeTypeID,type) VALUES('360','ASSIST W/K9 SWEEP')\",\n",
       " \"INSERT INTO CrimeType (crimeTypeID,type) VALUES('361','TRANSPORTING ALCOHOL/LIQ IN VEHICLE')\",\n",
       " \"INSERT INTO CrimeType (crimeTypeID,type) VALUES('362','VIOL BAIL BOND')\",\n",
       " \"INSERT INTO CrimeType (crimeTypeID,type) VALUES('363','BURNING PROHIBITED')\",\n",
       " \"INSERT INTO CrimeType (crimeTypeID,type) VALUES('364','POSSESSION OF DRUG PARAPHERNALIA')\",\n",
       " \"INSERT INTO CrimeType (crimeTypeID,type) VALUES('365','FORCIBLE SEX OFFENSE')\",\n",
       " \"INSERT INTO CrimeType (crimeTypeID,type) VALUES('366','FALSE FIRE ALARM')\",\n",
       " \"INSERT INTO CrimeType (crimeTypeID,type) VALUES('367','WARRANT ARREST')\",\n",
       " \"INSERT INTO CrimeType (crimeTypeID,type) VALUES('368','ASSIST CPD W/THEFT')\",\n",
       " \"INSERT INTO CrimeType (crimeTypeID,type) VALUES('369','UNLAWFUL POSSESSION OF ID')\",\n",
       " \"INSERT INTO CrimeType (crimeTypeID,type) VALUES('370','HARASSMENT BY ELECTRONIC')\",\n",
       " \"INSERT INTO CrimeType (crimeTypeID,type) VALUES('371','VOOP')\",\n",
       " \"INSERT INTO CrimeType (crimeTypeID,type) VALUES('372','UNLAWFUL RESTRAINT')\",\n",
       " \"INSERT INTO CrimeType (crimeTypeID,type) VALUES('373','STALKING-AGGRAVATED')\",\n",
       " \"INSERT INTO CrimeType (crimeTypeID,type) VALUES('374','FRAUD-CREDIT CARD')\",\n",
       " \"INSERT INTO CrimeType (crimeTypeID,type) VALUES('375','DISOBEY LIGHT (BIKE)')\",\n",
       " \"INSERT INTO CrimeType (crimeTypeID,type) VALUES('376','ELECTRONIC HARASSMENT')\",\n",
       " \"INSERT INTO CrimeType (crimeTypeID,type) VALUES('377','LIQUOR/THEFT')\",\n",
       " \"INSERT INTO CrimeType (crimeTypeID,type) VALUES('378','BOMB THREAT')\",\n",
       " \"INSERT INTO CrimeType (crimeTypeID,type) VALUES('379','FORGERY')\",\n",
       " \"INSERT INTO CrimeType (crimeTypeID,type) VALUES('380','THEFT OF LOST/MISLAID PROPERTY')\",\n",
       " \"INSERT INTO CrimeType (crimeTypeID,type) VALUES('381','MURDER-FIRST DEGREE')\",\n",
       " \"INSERT INTO CrimeType (crimeTypeID,type) VALUES('382','SIMPLE ASSAULT')\",\n",
       " \"INSERT INTO CrimeType (crimeTypeID,type) VALUES('383','CANNABIS-DELIVERY OVER 30GM')\",\n",
       " \"INSERT INTO CrimeType (crimeTypeID,type) VALUES('384','CONTROLLED SUBSTANCE-')\",\n",
       " \"INSERT INTO CrimeType (crimeTypeID,type) VALUES('385','AGG AGASSULT')\",\n",
       " \"INSERT INTO CrimeType (crimeTypeID,type) VALUES('386','DELIVERY CONTROLLED SUB')\",\n",
       " \"INSERT INTO CrimeType (crimeTypeID,type) VALUES('387','THEFT-RETAIL')\",\n",
       " \"INSERT INTO CrimeType (crimeTypeID,type) VALUES('388','SIMPLE BATTERY')\",\n",
       " \"INSERT INTO CrimeType (crimeTypeID,type) VALUES('389','NOISE PROHIBITION')\",\n",
       " \"INSERT INTO CrimeType (crimeTypeID,type) VALUES('390','ASSIST CPD WITH BATTERY')\",\n",
       " \"INSERT INTO CrimeType (crimeTypeID,type) VALUES('391','CONTROLLED SUBSTANCE-POSSESSION')\",\n",
       " \"INSERT INTO CrimeType (crimeTypeID,type) VALUES('392','VERBAL DOMESTIC')\",\n",
       " \"INSERT INTO CrimeType (crimeTypeID,type) VALUES('393','DRIVING UNDER SUSPENDED LICENSE')\",\n",
       " \"INSERT INTO CrimeType (crimeTypeID,type) VALUES('394','SUSPENDED LICENSE/WARRANT')\",\n",
       " \"INSERT INTO CrimeType (crimeTypeID,type) VALUES('395','LOUD NOISE')\",\n",
       " \"INSERT INTO CrimeType (crimeTypeID,type) VALUES('396','HARRASMENT BY ELECTRONIC')\",\n",
       " \"INSERT INTO CrimeType (crimeTypeID,type) VALUES('397','DISORDERLY SUBJECT')\",\n",
       " \"INSERT INTO CrimeType (crimeTypeID,type) VALUES('398','ASSIST/ACCIDENT UPD')\",\n",
       " \"INSERT INTO CrimeType (crimeTypeID,type) VALUES('399','LIQUOR-PUBLIC PROP')\",\n",
       " \"INSERT INTO CrimeType (crimeTypeID,type) VALUES('400','CANNABIS-POSSESSION OVER')\",\n",
       " \"INSERT INTO CrimeType (crimeTypeID,type) VALUES('401','THEFT/DECCEPTION')\",\n",
       " \"INSERT INTO CrimeType (crimeTypeID,type) VALUES('402','ASSIST/BUILDING CHECK')\",\n",
       " \"INSERT INTO CrimeType (crimeTypeID,type) VALUES('403','DOMESTIC BATTERY/AGG ASSAULT')\",\n",
       " \"INSERT INTO CrimeType (crimeTypeID,type) VALUES('404','POSS LIQUOR-PUBLIC PROP')\",\n",
       " \"INSERT INTO CrimeType (crimeTypeID,type) VALUES('405','LIQUOR - UNDERAGE')\",\n",
       " \"INSERT INTO CrimeType (crimeTypeID,type) VALUES('406','ALLOWING A NUISANCE PARTY')\",\n",
       " \"INSERT INTO CrimeType (crimeTypeID,type) VALUES('407','CRIMINAL DAMAGE GOVT')\",\n",
       " \"INSERT INTO CrimeType (crimeTypeID,type) VALUES('408','THROW DANGEROUS MATERIALS')\",\n",
       " \"INSERT INTO CrimeType (crimeTypeID,type) VALUES('409','MIP')\",\n",
       " \"INSERT INTO CrimeType (crimeTypeID,type) VALUES('410','VIOLATION OF ORDER PROTECTION')\",\n",
       " \"INSERT INTO CrimeType (crimeTypeID,type) VALUES('411','TRESPASS LAND')\",\n",
       " \"INSERT INTO CrimeType (crimeTypeID,type) VALUES('412','POSS OF DRUG PARAPHERNALIA -ORD')\",\n",
       " \"INSERT INTO CrimeType (crimeTypeID,type) VALUES('413','DOMESTIC BATTERY/UNLAWFUL')\",\n",
       " \"INSERT INTO CrimeType (crimeTypeID,type) VALUES('414','RESIST OFFICER')\",\n",
       " \"INSERT INTO CrimeType (crimeTypeID,type) VALUES('415','ACCIDENT INVOLVING PEDESTRIAN')\",\n",
       " \"INSERT INTO CrimeType (crimeTypeID,type) VALUES('416','AGGRAVATGED ASSAULT')\",\n",
       " \"INSERT INTO CrimeType (crimeTypeID,type) VALUES('417','POSS OF CANNABIS')\",\n",
       " \"INSERT INTO CrimeType (crimeTypeID,type) VALUES('418','DUI - DRUGS')\",\n",
       " \"INSERT INTO CrimeType (crimeTypeID,type) VALUES('419','ENDANG LIFE/HEALTH OF CHILD')\",\n",
       " \"INSERT INTO CrimeType (crimeTypeID,type) VALUES('420','DRUGS')\",\n",
       " \"INSERT INTO CrimeType (crimeTypeID,type) VALUES('421','SALES OF TOBACCO')\",\n",
       " \"INSERT INTO CrimeType (crimeTypeID,type) VALUES('422','ASST CPD/ARMED SUBJECT')\",\n",
       " \"INSERT INTO CrimeType (crimeTypeID,type) VALUES('423','HAZING')\",\n",
       " \"INSERT INTO CrimeType (crimeTypeID,type) VALUES('424','LIQUOR-UNDERAGE; DISORDERLY CONDUCT')\",\n",
       " \"INSERT INTO CrimeType (crimeTypeID,type) VALUES('425','CONTROLLED SUBSTANCE-POSS')\",\n",
       " \"INSERT INTO CrimeType (crimeTypeID,type) VALUES('426','SPECIFIC NOISE PROHIBITED')\",\n",
       " \"INSERT INTO CrimeType (crimeTypeID,type) VALUES('427','ALCOHO/LIQ MINOR PRESENT/TEEN EVENT')\",\n",
       " \"INSERT INTO CrimeType (crimeTypeID,type) VALUES('428','ASSIST UPD/SHOOTING')\",\n",
       " \"INSERT INTO CrimeType (crimeTypeID,type) VALUES('429','ASSIST DOMESTIC')\",\n",
       " \"INSERT INTO CrimeType (crimeTypeID,type) VALUES('430','TRESPASS TO LAND/REAL PROPERTY')\",\n",
       " \"INSERT INTO CrimeType (crimeTypeID,type) VALUES('431','LIQUOR - PUBLIC PROPERTY')\",\n",
       " \"INSERT INTO CrimeType (crimeTypeID,type) VALUES('432','SEXUAL ABUSE-AGGRAVATED')\",\n",
       " \"INSERT INTO CrimeType (crimeTypeID,type) VALUES('433','PUBLIC URINATION')\",\n",
       " \"INSERT INTO CrimeType (crimeTypeID,type) VALUES('434','RUNAWAY - MINOR REQUIRE AUTH')\",\n",
